8521
25068
2266
32765
9088
30750
28417
21908
980
18458
28516
14754
1351
9003
1847
8537
16853
3755
27771
22660
19625
11624
25042
22032
17553
22605
31890
14796
27312
10814
4376
22381
4467
835
14687
29397
30662
18153
10705
4501
25735
23013
18524
1456
5690
8955
14793
5538
23295
4894
22857
26016
25794
30937
20049
1570
11698
8941
13480
19359
244
5692
2751
21399
31640
23269
23104
23255
6604
9393
20201
18681
9295
23214
12187
5418
4649
16921
28078
26672
12954
20609
16008
8107
13136
26922
29550
5786
22236
2480
921
22306
28519
10732
31885
6539
29089
21275
19622
13452
13307
12861
7156
25288
11798
10684
10057
408
19579
9806
20879
11531
11404
15132
24415
23851
21691
18724
4304
26754
15609
13788
3469
4061
15217
29976
22315
30544
10615
27181
13753
12410
21691
25687
21144
14858
4291
14936
30093
6274
31896
18786
6164
27708
20671
23351
17143
10410
18794
14223
27168
20705
240
25786
15019
23897
20091
23430
3904
12014
32000
12899
32416
13099
28277
965
14461
7624
32574
5066
9359
23409
15848
31005
30692
8650
19225
19738
13432
16559
30151
10035
18181
6336
26537
26514
14108
23325
30187
5375
7541
30318
27174
20997
21636
21799
22415
11600
5964
20746
20591
20826
632
32749
4051
22343
11176
15805
27524
16653
17161
6083
8761
24279
29480
32038
23052
9132
29448
22705
25387
11595
32370
30679
4816
858
10380
25332
19059
20928
15533
2774
32574
8784
8560
28540
21953
22951
29191
9245
9703
31575
16850
21613
31528
31045
15920
12059
25857
4687
8854
22942
11169
1074
13022
20785
15590
5291
12257
23836
25991
13789
31303
30262
10899
18931
22430
18344
22298
18950
3498
11507
4649
21569
18428
20789
4348
25923
31686
21416
14704
16580
15854
5483
18615
19836
16225
5253
21071
26688
25514
30759
11061
29295
9667
12849
5462
8076
16171
23032
16198
17964
17720
9286
27700
14355
12463
7331
22558
26010
914
979
11329
20564
313
30624
6100
4336
11428
18394
24821
29793
272
7323
484
29757
6344
20943
9839
3683
13886
11252
7597
16353
25434
18975
5103
10005
6930
31040
10484
4370
12603
19622
13916
30276
27807
8134
23135
10840
1871
25912
6847
17238
2363
26370
13307
31760
12543
23577
26822
5568
24320
30501
26039
31981
14008
21125
3394
13710
27214
23955
16359
21106
25706
12073
29865
31711
17479
24932
13762
18810
24586
23207
21909
29542
16722
10211
28644
7856
20496
19478
2883
18667
8089
10514
28365
5911
4601
25984
21
3016
17802
29732
15712
26756
198
8291
10257
15980
4186
17410
13156
29214
19323
2608
2911
14043
12925
25543
18438
17637
23458
4303
24783
20267
8752
25412
29781
31784
19398
7960
14416
26121
6127
7036
9669
26126
28152
2396
13690
12082
7423
808
16557
31758
25165
18906
23045
21499
10726
21301
13001
11127
15709
3402
24656
25546
21741
31553
5561
28137
16070
3926
9692
5274
4261
26146
24959
12761
6055
18204
9678
21370
31327
3679
12037
4881
16678
25518
880
9487
14514
25269
2709
25389
25323
6289
9392
22030
27129
31379
22111
543
18850
14913
23711
31683
8915
6814