15607
1709
28028
10924
9715
17548
31905
2350
13268
14062
2223
5554
28038
6238
13324
13007
3538
20688
15857
32172
27861
2368
22396
7873
7601
8853
20225
6114
5250
5067
1442
13177
26772
29521
25375
30995
1747
12208
15343
19230
26754
15214
23951
4592
8752
12338
13594
6156
24296
11560
17434
31649
7081
29863
22429
22868
14101
3346
13708
5183
10605
26876
13369
24378
30909
23183
28727
27481
15700
22062
5230
24502
19063
18521
26734
32368
20311
721
6404
6899
1088
1277
28427
17786
14354
9101
26757
20435
20981
21341
26603
3938
6985
7068
28097
105
26076
29485
4204
11911
25184
3405
9800
1662
15132
22903
22006
30009
18145
14980
243
30733
26688
14615
15471
575
27898
13624
19548
23494
440
23359
21701
23891
3580
24564
13665
11663
3160
18420
17256
25507
13022
15959
21925
13054
32727
16015
22221
1106
32440
5523
21007
8160
22865
32318
11756
19702
2376
23793
2377
2742
15814
24192
28354
17944
18800
32332
21058
12595
11417
14252
3280
8120
4021
26258
19116
3263
16913
7019
8091
11718
4290
26182
13695
14070
2524
23865
18730
13481
32740
25088
26996
7722
24967
27368
11403
1467
14731
21228
20363
2525
27399
29981
29775
27595
32207
5959
29062
28488
3891
26577
26889
26522
15081
4837
6252
5591
4167
13009
6098
15455
26549
8109
31494
2986
11363
25150
2248
19524
28215
19995
31845
27157
20490
1806
1419
17638
9747
30141
31322
27169
22691
28554
28606
7128
24339
5559
11261
18697
26363
12238
10124
23329
31653
1344
4135
31934
16834
31308
544
15801
7003
29730
27640
14436
18442
18505
20524
7184
21865
15166
22865
16595
29643
21086
29795
10376
810
32005
25947
4374
27745
22776
2559
31734
6811
5632
16126
20207
10508
15576
6972
29220
6367
23881
30059
3921
9071
26516
26587
22098
31929
13584
18067
27365
6674
1044
15264
24496
20757
27415
32173
25222
25312
1814
21716
32230
18304
26935
25012
5060
19881
1963
23236
30092
25258
13784
13286
15717
5793
26552
25664
19635
12523
17532
15943
5087
26847
19574
3612
1882
5820
5685
29212
26079
28895
26354
8627
13305
10554
10795
5744
4294
32513
3213
19295
18426
6310
15895
1683
17702
14856
8061
24834
19515
10984
24266
150
6986
24988
18250
14464
22925
17927
18599
976
30635
8392
31058
3650
25912
2738
6180
16219
16251
28796
20806
31669
23925
32442
19022
4248
23838
2572
14762
32201
5618
18326
3394
4519
5292
27056
25689
2931
1106
29918
24756
14320
10353
24834
4863
15404
19626
23248
1644
669
19821
14723
12189
32367
7685
31950
17092
14621
28629
26390
13577
24127
24289
2014
27948
14755
18320
19075
26475
23454
10672
23849
20646
22436
15546
1013
23745
20759
6487
11389
23626
19037
7204
21884
21851
27189
26034
7883
9154
11083
7122
5516
25696
10762
20495
4264
12239
1201
12155
12669
26696
425
24495
23760
7875
28694
11533
16393
21343
30380
28232
13983
5381
17603
16679
9169
17480
22958
1157
5271
32144
22089
13213
15832
28280
3282
1668
10973
6772
17146
31735
12294
21175
23099
12375
30139
25940
21099
9714
12198
18339
23186
25220
21535
16358
25593
1534
26600
21036
27523
16005
12827
29814
27968
15806
27744
19993
13888
4937
17251
1635
2213
4235
15238
26241
17916
6577
19923
21152
5070
2033
20788
24147
11889
275
998
53
24100
26673
18731
10447
16988
19387
28479
16572
26456
29885
4494
21002
23035
31589
27428
24804
11739
1216
11621
14190
10646
3524
12030
10481
3429
26515
1819
4152
10227
18686
26843
3386
11631
6472
21248
17913
1247
22573
26604
11945
32696
18211
457
7445
12204
14304
22279
11071
20164
9244
17163
11590
28078
29336
1829
16013
23640
3423
6083
10778
190
11596
18917
12860
4096
32460
29905
31601
23991
997
23560
7814
13705
22392
30072
9728
29435
13763
24563
31419
19335
28201
7648
977
32495
8758
26673
32189
25040
30174
11669
19649
30330
5381
4590
20101
2047
12869
517
28416
31626
25323
12156
1179
19442
31810
2309
14228
25487
22037
722
30881
18509
5743
17229
19159
19966
27301
2056
25801
17141
20886
22263
27892
19152
23346
20445
21851
23445
313
12804
6766
4353
32069
27185
26928
18972
16395
15575
28825
17681
28126
24715
25145
11581
1141
7352
26143
20358
3565
16532
1529
26862
1297
1618
21373
17255
20186
13978
19975
5354
27954
8246
19331
21699
20221
14350
26765
31535
24922
30038
17367
24360
17958
15878
2251
9856
21443
30602
3442
31789
16919
4027
1941
228
10455
4623
7458
10729
13061
7436
21456
549
11191
19459
9222
377
18459
26874
13050
28242
21176
31466
30742
32125
7158
1067
20895
9277
21473
1324
19608
20635
12586
5991
9188
31742
2414
13460
15020
19451
16059
32285
5632
13678
9809
6355
6593
21962
19621
28895
3262
30381
15020
31227
10269
28600
8277
16354
13821
23197
2136
23300
857
19833
31022
7551
10543
3941
10080
3147
28898
31559
7429
30900
22494
1263
31366
19982
30330
5215
13477
26532
20002
11113
29630
753
17077
2432
30796
8723
17196
16840
10414
29308
25981
30575
11308
3051
31166
13376
14133
7066
22670
3445
27882
20409
28849
2765
31201
5916
22522
991
19490
2353
25454
26542
3190
2612
2726
8829
15586
32678
6773
5605
8302
10491
31435
22308
20522
28819
3033
10168
8563
18667
24182
23597
16755
27157
19394
9523
10727
869
12297
28403
21285
13678
19690
19107
18269
26668
5816
5720
31519
20867
28960
22300
3869
16360
7948
31041
24371
32095
27080
27381
676
24229
17251
17686
8615
21166
26713
30279
17442
1618
17518
9283
32181
28739
7901
14193
6906
22850
20914
17593
13323
13458
4213
18839
18501
23725
520
28269
18252
2103
12754
17182
11087
2864
7198
10712
2190
14445
22973
25649
13849
30537
12019
30326
29658
24984
401
21823
12757
32220
31326
4423
23727
27068
21947
30075
21357
2225
10119
19281
27263
2819
5697
14683
8189
24820
20844
28700
25904
28218
18232
6426
8532
4531
23902
15412
20892
21845
12620
3894
27255
23140
9090
25515
24082
21991
12860
9971
27678
12636
26449
10389
7891
9131
23899
6870
6453
22105
8216
394
6806
27390
27664
810
23388
29945
4472
20519
9988
15202
32343
5246
22375
22336
13287
10125
5436
508
11070
28196
479
10262
27949
8928
11857
5143
24937
30900
895
17863
6376
19401
32711
18847
6030
21640
28088
9345
24841
4341
30745
10151
19706
22590
16173
16602
26197
19603
21302
6884
23050
7993
14392
8775
14565
23258
22271
16943
4274
10272
32611
28070
8358
16514
24523
18695
11514
861
5616
1973
13785
24902
15588
21004
5500
4511
7250
18328
18836
18024
23815
29061
27624
21080
26289
14679
7743
29996
19175
14300
28032
16960
24938
28766
28696
21852
31147
19484
9116
18896
17805
27132
19887
10179
24939
5754
25639
15304
7517
32740
16491
3250
27575
31433
8735
25514
6355
27311
17668
6782
12305
8964
3609
9276
12827
21591
5127
1024
110
22984
1723
9738
8726
31421
14933
20243
17848
29911
22849
5601
9430
25125
419
6938
11343
20375
20985
29526
3621
6069
10492
30583
8323
21904
7366
28477
11775
1017
27962
18965
6940
7410
30113
23090
1299
19810
24977
17887
15827
4365
10515
8980
18758
19138
6148
28999
16342
11478
25788
25988
14896
1490
6638
15552
10823
17769
22479
2155
17820
19885
12411
10564
25790
25730
9108
27761
31756
22866
32044
32463
4546
13058
7141
10887
21812
31269
25174
4834
15188
29552
22449
25182
17530
24174
15267
7937
20325
3189
4476
6381
7549
25561
26256
10037
27738
9055
22493
9967
18570
31221
6894
28810
32143
18080
3583
14178
18216
5301
4961
1938
10194
10316
15392
22025
2189
12018
1508
22241
1507
26782
12309
3564
3623
23783
27714
19855
13563
28787
28100
6099
24596
28339
7326
5561
12610
23501
28584
6350
20906
8922
12781
23296
598
29778
14161
28848
5617
26820
17527
8456
14283
15307
11745
6287
9252
13117
29273
10746
13734
1701
21648
4422
27699
23284
14342
27907
20705
9843
17705
25075
23363
4348
6337
7379
15339
9322
651
9849
12332
24910
5924
15903
17189
3044
6441
11775
8186
17733
32157
20000
22885
17629
3979
10607
19054
17952
30444
30993
29814
32377
9930
27128
32378
12163
30374
24756
14742
10620
27416
12172
20168
20983
29109
29390
31223
720
5173
1891
30260
21861
26326
20390
32575
11779
13819
14967
3149
7071
14105
16522
10248
24519
16595
19461
2520
13016
20068
15947
21601
6256
21054
2066
7501
22566
7152
1980
8779
28281
21837
8676
20311
2567
23243
18487
31293
26880
29481
25221
30552
10969
10837
19991
27552
27205
21388
26436
32740
13153
30403
20799
22867
10798
11590
28723
31553
30021
12703
18834
30248
16582
9913
16042
2029
28050
23109
21881
4453
16570
1629
962
1304
10039
22119
12384
13125
25051
13117
24283
5926
11655
6795
14649
2420
15263
1400
27670
31790
3771
8840
2295
9111
3999
26304
25308
12414
28270
14860
6420
32705
9242
17119
17493
25364
10271
5401
31244
26367
11889
18477
6642
14886
434
14467
6624
6605
19881
30747
17380
26523
28144
12916
6804
19614
5356
1964
22434
3472
24322
8936
14513
29785
9736
4086
3687
29396
10490
5169
16836
25302
23535
3749
17330
1901
29771
9076
6877
13157
1333
13945
964
14609
16460
31018
22289
1864
11925
4035
10789
6061
30136
4513
24056
4659
32109
26859
4128
18913
2353
21880
8751
30419
6717
5869
19266
20866
11704
550
26583
29509
11052
1496
31711
8215
5943
25204
6933
23962
24195
6478
11149
31580
19703
22270
13968
28761
1327
23814
15271
12738
3114
11958
14838
26365
15683
1357
25547
7917
14947
20321
12407
27251
11380
16257
16477
53
26649
11800
18248
19870
19100
21140
28930
6438
25384
6088
29730
6611
15416
3983
18213
10239
22863
18867
11200
27485
15594
4621
1141
10807
2738
23021
10341
7673
6647
20668
10597
28915
3162
28639
16467
18779
15561
32223
21419
1425
6833
19655
19541
3495
17774
14286
11457
24097
31751
9270
7734
12281
13592
2420
26727
25063
29455
17553
1864
1759
10395
15056
21279
15834
16738
3985
28382
14041
8947
29045
28848
2343
14843
17091
30930
16095
26555
8459
10916
14767
25529
4105
15360
21723
26038
19403
3786
26757
11233
1558
2248
4651
12618
4871
7604
26225
10393
18678
16272
28705
3840
6047
10554
8304
27502
6788
14144
5251
3590
10893
17141
21553
25551
13042
13253
28171
12973
19802
15045
5273
20880
26949
27790
8423
12523
679
11596
7744
18280
11221
8978
17210
14042
28325
8817
31731
15730
18641
18760
27033
18231
18333
15325
31536
13232
1722
14381
911
9187
5737
29569
28844
25732
3300
30274
2074
18534
18169
27150
19664
1845
7160
3595
29228
29799
2255
17788
56
8816
5748
29842
3371
17973
32643
8068
12339
28356
22825
32738
4465
25922
17216
1062
15173
18724
25531
28044
4301
15523
12613
35
3496
13673
20773
31012
13056
17809
3173
16259
17863
28878
8243
709
16960
25066
28039
15377
10434
5235
19462
17801
1977
18097
1063
31707
26349
18394
13460
7698
30727
30345
9939
24499
12369
877
22309
24837
12221
19518
13230
432
6441
25334
22231
16777
16353
5437
16625
9133
20069
2085
21787
18381
19053
15383
7525
11720
6699
3342
6709
22399
28368
770
8426
15589
14417
1704
3520
18005
1643
20056
19699
16681
31461
5966
32552
648
12565
32534
15624
11391
16037
4418
15918
18771
12695
23902
26435
12566
12167
10534
871
28025
6704
4854
11475
4065
23858
14465
10429
11709
18707
13766
14972
30486
8067
4160
12781
7015
13540
25181
14613
28848
19209
23346
9480
4294
2366
26221
19977
24813
13705
4235
13042
14248
4912
31563
27607
5328
2683
30306
12262
8164
32187
4208
29329
24736
28555
13363
23536
26065
24150
9722
8288
20071
31002
30045
31601
26828
4459
14124
20991
23668
28346
7077
16286
4534
26327
13546
4924
19418
24501
434
32513
10611
7790
4158
32634
32495
1926
19855
15863
16236
13428
21718
29233
26573
606
21292
1840
8205
32293
21379
1900
1748
20897
1756
5171
23368
5678
23739
27722
31014
12391
32728
17879
23313
6449
2840
32638
5930
14332
2747
27851
2528
12869
7639
16848
8970
21599
19461
25103
2355
30580
25434
5786
1844
2247
29337
28536
30729
5691
13222
21579
9437
1049
31294
2096
18791
20494
31462
9447
12921
1395
32289
20788
10966
18129
21478
13956
10821
4261
6993
31188
31459
6496
12953
15311
18621
29362
25410
25654
20382
20488
7828
15493
6950
5716
24139
7636
3356
6412
32144
13819
7685
10357
7720
10233
3062
21793
28140
2967
27558
3254
24697
4168
20423
29682
12584
18260
31383
8684
16705
22837
19890
8349
9835
10817
27690
22174
32103
12938
17113
15923
21758
3331
27382
3465
17720
484
6887
13372
1743
4175
6486
21020
7907
15155
26247
2865
29423
7537
4073
23805
22780
2365
25067
22784
30741
14023
27664
26754
3322
17947
2886
32140
26393
6214
28276
21816
12729
17339
18770
12074
23929
10229
10621
7775
15865
25693
8651
22310
12247
13933
16347
7787
23261
790
32753
15931
25720
3935
13057
9093
9836
11344
2826
2334
15815
23054
16806
21512
1555
9799
3294
1268
21712
18896
22082
25349
2338
18829
26682
17367
17350
7826
1431
5312
23370
10631
8045
2390
24702
30033
7461
4913
18214
3311
27342
1778
1777
26785
16820
4739
18607
13904
24372
26785
29630
298
7630
17816
12229
31885
9340
12622
11941
30246
8258
8835
21165
13146
15367
26455
1294
15844
19107
30477
20622
25536
22329
4366
5248
28232
4039
19761
25587
21662
15867
313
25898
27977
16969
8096
17740
25379
17722
29587
5213
29042
4871
24125
7533
11093
21862
31048
3855
21090
8100
17057
2061
141
244
13692
23642
10571
4359
29849
9800
13816
10972
27077
30715
16758
18906
32419
16670
14104
15644
21164
15572
22718
9484
4725
31730
28737
28467
21552
24427
12305
17487
7542
5900
1820
7334
30276
30825
27634
28315
11587
16919
25383
11135
12620
7963
17657
32425
9259
32419
1587
713
2723
5108
2130
24953
15795
4772
13541
4373
280
31497
26682
9421
25363
2801
28470
25336
18796
9875
7301
5547
20407
19910
14580
18827
23254
29041
21274
28383
1471
15683
12862
4330
19328
10660
28789
6007
4736
27115
11
18101
32007
2769
8228
28997
8960
21797
1187
4242
6398
18626
13643
14177
26750
17343
26660
4777
23916
10725
23329
27812
19688
8294
28927
26150
14665
12747
5488
23086
30562
28207
11385
8122
14597
23467
4377
7648
8390
19217
26411
26139
17153
25821
17549
18659
14367
616
30082
6272
9236
10079
24661
3615
22316
12148
19520
1318
27656
1107
3979
197
1763
28632
26872
12237
6683
24191
2143
25286
21484
9756
2710
10300
6526
9420
27795
857
13090
19499
14805
28857
3544
27847
31232
11641
13846
21973
8647
29841
28612
7459
2830
9828
3979
9038
14416
3734
31055
10293
26431
15390
26618
941
13995
8092
25212
22135
25509
25580
528
18287
25060
13563
28096
8453
21352
26841
12075
25329
9052
16144
17542
7203
18497
10805
5089
8441
29001
22460
9131
29109
8961
27152
15481
25902
1843
6372
22531
27590
29707
11203
367
32411
28280
751
2771
3842
11221
8808
15349
2609
22217
29515
24149
17723
7020
12125
19053
25922
16043
10984
23095
6119
17645
28870
25840
12294
27639
25787
10268
31393
31756
24584
16842
24601
13401
31804
8217
9636
22161
78
2555
25339
5589
9193
9529
83
27862
7431
7607
20623
7997
11201
20986
7092
27211
6245
10471
11677
10428
22474
29901
15600
28146
18912
1958
15952
23631
18059
23706
30676
15075
27826
31429
26808
3655
26515
30010
22867
14536
7769
11336
10057
26056
496
13308
8706
17506
27928
998
2907
21837
19128
21536
4251
20483
30325
19341
20392
25378
2948
25439
15483
21522
5564
9180
31441
16872
22768
7777
35
3978
8827
18599
4569
14612
22812
7493
29627
6267
16133
9590
23208
23921
6702
20509
30602
15496
14063
14854
11913
6553
30926
19311
20095
12647
28054
20167
23724
1664
5801
25781
18604
5476
23702
31068
7333
5097
24814
7902
32197
16350
8788
28958
4332
239
9940
26315
6053
25032
8310
13210
22875
9342
16402
8146
11466
30250
10853
30990
13747
1495
17253
62
10964
670
17362
30960
14359
17679
19726
15822
20746
10195
28462
32359
1935
21392
21841
2610
15061
525
3120
19663
12934
31895
5879
24465
31298
22947
18004
21562
4429
15796
1485
7429
17028
9087
4950
13802
14486
28493
21795
29469
8816
20898
16827
6360
31737
15644
3662
8282
20224
29597
5960
20016
114
28333
14118
32179
32209
10009
32648
17874
24289
32736
2184
23313
20389
22608
19019
21202
22153
2413
13525
11219
19169
21138
31266
16377
3986
31067
15986
844
26127
8385
8932
13378
28040
7047
24134
24896
8798
15830
22572
26462
29145
29220
31295
20075
13853
5466
11224
9777
11866
24117
11214
18681
18244
21484
15500
10066
18371
6164
22118
271
13803
1985
21549
12175
2094
30703
19968
25921
30416
4384
5734
1638
412
3654
3482
32537
32214
25314
16166
14989
16496
3182
32179
8087
14464
4857
28960
13932
3570
32017
19153
23467
6266
15077
5194
9374
17101
19627
19452
22717
11793
10304
17502
9331
10642
8718
31040
26917
21174
23859
20317
20081
28979
1760
29231
30899
25471
24830
17415
2254
12169
24600
5212
18729
2982
24693
4195
11255
29646
13956
8673
32444
7944
7806
12350
30476
26915
20294
30682
31894
1191
13460
27556
21602
2315
5202
21736
4439
12584
9030
9576
28160
24046
19698
12207
29584
12630
12984
14754
4643
21911
9794
7512
3654
17565
8993
27691
26554
9143
2996
18447
7541
1936
11596
26403
29418
13408
20365
30086
6794
11875
21272
18796
27019
11915
9063
7537
30952
20338
32759
17709
22441
1682
24749
4104
12900
15800
31091
20047
5124
8374
8482
11400
9161
29528
8100
22787
1168
922
10074
10162
14677
3096
32187
10298
13046
6854
5950
25162
27449
20449
10874
11308
12561
2342
32396
20378
2589
19777
30906
28882
19826
2952
11606
27629
23450
1001
30692
7276
6108
27425
24191
17172
1726
7983
17528
32252
13769
9
12353
1764
20620
16525
10377
11208
1764
17338
27817
13749
10362
23072
3135
12764
6540
29589
8728
20709
1265
6442
13908
20613
28503
17246
3012
9043
4048
24721
23703
19159
4493
8123
18998
6116
8936
21341
1132
17704
30120
184
27594
8194
5249
28478
13130
13203
12763
19526
17714
10776
21461
14083
28475
22647
392
18615
6643
10263
21904
27940
3936
21237
6601
8003
5350
9717
20566
24121
23658
15734
19944
28295
4280
28712
18748
15233
290
23586
998
27905
12394
18991
28750
1372
19171
23401
30968
7061
18386
13578
19720
1489
14874
7806
22021
2059
5145
17853
15069
23305
25293
7639
5161
8079
17467
3024
13747
4562
7441
21935
12597
4399
20874
2002
30308
20509
1426
17540
13357
16481
10283
12754
24383
3969
19983
31130
457
18298
8086
4068
14469
26549
24027
13173
245
2616
17178
23714
15597
26906
16989
3683
3921
22585
27224
15784
30240
1839
28561
17136
17841
8065
8644
2583
26941
4890
20613
29807
3230
12024
25383
8467
4950
17958
10205
3960
211
2282
7711
20549
13810
23615
16463
14437
10177
17797
4253
19034
29577
15992
27944
18900
29708
1375
28517
11650
15371
15749
23237
25384
6667
29677
24210
6642
2393
23618
12058
1800
13388
23053
14864
22626
27594
10795
31279
18910
14349
16509
11808
4239
26279
11745
30366
4184
14788
8801
8152
4026
7344
24491
6679
24043
409
12225
26016
7976
19605
13298
30172
13131
28647
8201
20406
27296
7550
13764
26437
31989
12734
5256
171
30448
15235
12626
6205
4518
17763
2801
5604
10344
17460
28275
20418
16608
20174
24541
8217
22878
786
31519
4713
29036
15404
24902
27609
168
32276
1524
4824
20435
14939
28941
6660
26661
21028
18612
29259
3299
31089
14198
2128
29492
24480
708
20752
11313
16693
26023
2501
30011
18137
943
12043
25233
21923
2093
28481
6177
13463
17825
7218
1183
11116
26998
24564
21205
32403
6125
14609
1338
27764
1112
485
28613
4091
22920
1863
1027
19539
1672
29292
9064
9713
17292
2567
27619
11477
25380
3765
12980
23564
17333
13977
8578
4730
29994
3139
10664
2262
26343
13527
16849
26870
12798
24939
8644
27213
21414
28592
28801
6066
27625
32213
6284
8802
21660
30120
13961
26185
9364
21247
22025
893
29463
10582
28836
12556
28561
11449
25416
11511
8584
16869
19920
28030
25810
22954
4312
30622
30214
7059
24016
32473
9008
9161
3408
12853
29897
22581
12203
23175
25318
6373
3015
11761
27311
20401
44
31914
6163
8990
31322
6909
22458
20610
30816
11413
9531
29033
18602
13559
27024
12344
31771
4432
7623
12304
15964
16241
1529
11253
2163
5656
6272
4400
24983
21105
25957
6385
8770
7900
4632
9529
28041
30449
15716
25847
21673
3265
24481
882
22754
4959
31532
26342
16264
4768
12564
17010
27735
10270
3606
32561
13831
22915
9164
16552
26912
23556
16929
2144
27920
29995
25864
15571
16250
22746
10862
6029
14802
10381
25708
16011
21799
30687
7106
3303
24639
31312
5761
20151
23529
15941
14087
29746
29071
6480
18224
20
14347
10674
971
13636
15035
4382
31819
18356
30424
19648
6847
5257
17155
20094
26629
9597
21793
15230
24634
897
23145
29672
27508
7334
21947
18413
20148
16701
14388
32264
10518
31805
26623
3715
20811
19174
10606
14398
10057
30628
7753
21164
11841
7222
20326
286
722
3855
29817
11076
380
16381
28206
24304
12631
18440
9845
32542
18181
12445
19229
25650
21477
13804
5797
20864
30089
2190
6991
25617
6507
21099
17525
24228
10459
731
544
30452
12604
9739
21207
2105
23664
19363
8117
20209
19857
16549
7871
4576
13794
8344
12148
23638
13829
487
26021
11696
24430
16772
13958
16929
27159
12752
31750
22707
29301
12479
16988
6792
21420
26935
5090
1894
29183
17338
14119
2931
2442
19013
4927
8764
21811
888
11870
11004
8670
2294
31398
21020
8672
23823
25916
13302
5302
17309
23457
7390
5880
8747
15168
2659
11912
11101
24387
20946
26383
22924
16555
4092
4778
31920
23712
17977
736
24451
21765
18605
19928
18403
32592
25034
29640
22136
21913
20246
30897
2456
32240
31535
17994
26471
23540
6412
27193
4931
24738
1157
1161
21087
3178
3094
31321
17325
22408
2016
16593
20226
29841
25072
21595
3957
8524
29636
12303
15624
31172
23819
22894
22922
411
14253
21588
9403
22433
19723
4904
7090
18341
12424
14166
1916
11916
25416
13823
24326
25760
25912
13551
60
8746
22350
13263
1139
4674
4882
21915
13316
2022
23389
24151
23866
2378
2656
14590
4719
9583
24809
6588
4977
18423
23266
4188
26155
32568
11546
7940
25217
26767
20553
10528
13691
14070
15694
20124
8102
2009
16058
1878
29367
31270
31634
4819
4722
15268
8017
4145
31946
133
17197
21084
7498
6462
31899
17541
28595
6806
13589
29392
13799
19453
12059
2893
17669
20512
23672
27434
11734
15290
27078
3111
17512
3757
9012
26185
19192
17233
5767
6611
17429
26636
5727
30066
12291
30499
700
11448
14686
24783
31424
21195
5375
31636
23479
27999
6436
20174
12628
13281
20426
27533
31549
20213
2142
18338
27595
11299
11413
20218
1034
14797
23705
7979
12552
8037
5733
8525
20044
17885
27762
30219
12708
17502
3987
26617
9252
1340
12317
22569
27755
14122
31308
22777
20008
24234
12770
27438
8925
7112
12561
4423
28643
30728
20123
11531
7599
20637
28472
23397
13395
12507
17976
17009
16711
12527
2409
1495
19050
11470
7227
21848
29252
26475
30242
18854
12686
28205
18492
889
18932
20640
9780
16607
22041
107
13926
23763
6876
28034
11588
27922
32218
12956
6136
29226
17715
26088
14923
19924
1170
25083
965
29571
23399
6925
24597
1853
26743
21606
26292
24234
5783
18963
11718
6251
9908
8925
17473
15788
6935
15996
5968
8701
26599
13319
18170
30045
3312
5295
11775
15512
31906
18093
8450
9172
29789
3193
10477
24422
10732
3133
15506
3818
29263
27529
15758
22162
17853
21320
15475
8894
17641
28659
18470
18893
9093
16900
19589
51
7172
21166
17485
21196
20645
8395
16955
7025
15789
23062
5490
9160
8435
13466
3357
27232
31394
31850
8021
15869
2875
10643
30533
9008
29401
4687
11916
14379
21945
3451
13794
2772
10745
6475
12543
5400
4768
23101
18873
21378
27615
1611
15980
10764
27799
4197
12190
2869
282
10270
28899
5459
17206
24998
24831
6699
13168
6648
3403
17599
6029
27476
9306
20839
8791
17904
31707
3107
18589
235
11713
2352
26492
30594
4258
19417
8157
1670
3933
20368
2879
32269
9216
10045
11703
23401
31209
9942
18740
24406
31531
19248
30216
21623
19763
21525
9380
6660
171
17558
27811
18109
30878
15778
19723
30754
19677
26328
16847
8677
11170
22938
21144
29088
32372
16995
32452
6852
22090
11354
10927
7889
25331
11047
29234
26061
31157
22277
1130
15087
28469
20248
27835
411
18582
13826
27924
13971
2021
23729
19828
4459
6069
3962
17581
23101
6662
14700
24168
18335
7788
20958
617
30930
877
18507
276
24636
1834
25184
18736
12824
19266
16466
10988
11117
20467
31605
19487
17724
10882
4875
12756
10238
31453
7001
774
29518
25728
25345
26792
11746
3733
651
12009
29119
28511
2629
2997
10413
26328
16973
11903
27881
27801
12524
32062
25115
21755
23333
8885
6791
29052
29582
20984
23687
4196
27487
25388
23609
8104
6601
11662
15733
30478
28041
17079
29186
3474
23740
28446
18441
7688
1781
9182
15561
32516
15757
11705
26509
12791
26170
23901
4315
28058
27619
1255
18927
10128
12723
28326
6248
24903
15469
12577
2624
15391
1535
1115
17921
6350
12121
31829
27446
17923
1151
19669
22304
585
1757
31334
8619
21806
29148
7328
26272
933
28082
5545
12060
9130
25726
25340
3905
4900
11668
27497
19499
22031
789
28253
7718
8154
30148
30820
25374
3086
21268
236
21847
18993
12678
5452
6750
16618
5937
13573
15935
27750
28322
17223
28408
31737
15847
12727
3118
29449
21479
18543
24351
20776
24565
12102
3800
1408
10148
7250
9383
12660
20188
19372
13524
32388
26157
9331
32652
2929
13156
12052
7710
13474
26716
16584
4202
15303
15383
94
16021
4796
6669
10298
17154
19888
23492
10654
4222
134
16545
5416
18619
2939
6142
27804
22272
6922
20861
16868
8990
24333
26523
18261
28838
15652
22664
13620
15961
602
8502
10361
14816
22534
28335
24274
7102
32752
31149
29675
32642
7093
16484
1005
3137
877
4771
22341
323
28554
9243
31654
31485
31235
6398
28241
1087
15027
16589
15252
18351
764
29547
14224
30070
31919
17525
13376
12601
12336
214
22711
7243
13781
10901
32169
20513
5776
26354
13101
23814
8142
4786
21441
8463
11934
28855
18575
2898
13846
9939
25327
8019
1266
31966
28460
19647
3711
4614
25739
28509
15032
31847
22153
2881
430
1756
2917
6467
22061
276
23518
30639
9116
21992
16446
21310
25381
23531
11927
7237
3094
5187
11853
23597
25479
19384
17620
32547
28478
21003
8123
26128
4047
15241
8170
21708
1543
24799
10792
4239
26507
4400
24800
17064
18109
10853
11044
29553
4575
3013
11506
12674
28027
5829
5302
14629
3586
12833
25105
12298
21683
811
2521
18748
13246
20835
7009
25940
7594
18505
19194
749
1012
2927
1465
4951
10489
20690
29307
1936
18709
30058
1063
10607
24333
16384
307
5411
1962
17984
9322
26332
18599
10255
15084
28872
16078
5407
25462
3393
30557
20672
21219
24901
30894
10233
16883
8998
15895
3543
26700
14722
11024
20997
10430
18038
14739
9629
21195
29455
26569
25150
7527
3841
10466
18271
16124
22684
23876
8674
18097
251
5609
4588
6892
16511
9986
25333
16661
3964
19937
10779
21150
22321
28181
7868
17216
12030
10711
24899
23687
31185
22949
9282
4752
30690
10028
27586
5650
8352
20331
22231
18331
22762
20502
10103
28700
22915
1080
31883
25256
22976
29725
29255
27513
21124
23663
7351
12340
28014
12447
4251
25965
29777
7302
28277
32110
21733
18765
9184
13364
3260
27018
22307
7355
4471
20651
12550
4988
2361
6552
30949
14899
26460
8340
14082
24805
16739
21604
20767
34
28720
8884
21837
10376
20856
950
26367
2952
15731
26892
610
365
1240
5096
2545
12441
2824
5746
21060
14866
20617
1130
8232
3902
439
5902
19701
21739
23990
18494
1308
30610
2475
10462
21760
21725
9260
30332
30727
7782
11509
13362
7664
22978
5340
19150
6759
8638
2567
29745
13014
3304
21596
30197
32383
23890
22073
28499
3272
23954
1381
15939
17877
3853
28743
16356
14684
3446
9046
28703
20405
19345
721
11399
4401
3389
27824
7812
30637
17073
14042
4273
32359
10502
23960
13186
25616
21494
30282
5418
21282
1251
14937
20668
25715
29466
15980
14480
12299
26970
10719
32744
24626
23696
625
10195
31438
24549
24636
13138
21740
6650
7659
26298
25757
8050
22823
5721
25859
22194
22354
18524
171
18660
8824
11760
30237
1090
29314
14248
27314
29585
13997
18719
24486
20203
21307
20446
32110
2498
26473
16768
10572
25122
12192
17684
6432
30006
22511
3010
22913
32014
21177
7346
31244
7071
1963
6185
21500
22284
28401
13813
7932
11044
27818
780
18489
21547
153
8816
16314
14045
7709
5461
12276
2480
16483
20102
21401
9050
3802
5381
23986
4755
9703
31217
10221
25372
22491
26029
6968
13312
31266
63
1678
794
4796
30966
22545
20951
31218
29008
27738
1853
17473
3866
26637
13100
2203
31193
20400
5860
22223
18281
20925
5832
29253
7140
30453
31074
9454
198
11512
6054
15995
14158
24339
25211
5069
2599
4441
24951
4781
25159
12789
3818
15806
8984
5310
13599
9391
4565
19724
12510
11445
19511
22986
15669
15673
4690
22477
11385
9422
26553
11876
12935
19045
20457
27185
9295
32452
10725
14903
20628
564
28445
17203
21997
4730
22932
15664
6672
5385
13634
3926
17999
12662
24760
24067
28003
28716
16642
16157
15977
12641
11473
2214
26922
4169
4826
28048
6047
1673
24441
23763
8373
25582
26010
22206
22605
28255
20185
11402
8327
15888
22248
24117
8256
10745
22065
2702
17113
22663
24509
9612
25914
18577
30293
26851
21527
26253
7399
13017
32626
516
17963
18262
1890
14147
26501
10043
1554
8532
13102
29173
15116
26668
15759
1362
31672
32550
4589
20371
3359
10160
31307
1986
19189
3140
32396
16454
16343
1947
24281
1972
4817
27677
3394
3048
28195
24475
27304
29525
17221
8000
19162
24729
4136
16325
1022
21588
2495
15845
3379
24891
20414
29457
28788
26216
3490
16996
5055
17396
11505
4569
7543
15816
31939
25532
30728
176
29313
9310
14537
32178
26605
13
28198
3997
31330
21827
6398
7908
28509
5918
21834
14253
16957
13328
30208
17958
16199
21720
6199
27928
20461
1969
29067
10942
23632
11209
24003
16343
26115
12532
28593
3322
16402
32674
2394
23082
2115
7439
16215
15530
17819
24505
2939
3858
20516
18455
4790
12195
26094
20872
569
30936
4436
20362
18395
10301
17536
11052
10684
10116
20018
5318
296
27606
3004
32231
7358
24423
31826
28559
3537
2381
6528
4254
25870
26514
6396
28813
8799
12168
31646
27228
23568
26716
3501
13259
24881
5102
15452
27853
23355
23008
25748
17210
13046
26862
32500
32452
15513
637
19735
2348
28467
25718
27669
18102
11083
1364
28748